0.499727 0.911877
0.361906 0.882692
0.312957 0.683712
0.438633 0.308582
0.681821 0.138273
0.701320 0.730438
0.897466 0.096936
0.978934 0.571149
0.438744 0.541734
0.660130 0.100188
0.437027 0.532739
0.212765 0.114785
0.697683 0.636255
0.996536 0.812350
0.374443 0.295235
0.121710 0.493066
0.089164 0.183719
0.693817 0.857604
0.017037 0.478643
0.902350 0.572092
0.216084 0.155291
0.060913 0.460966
0.269821 0.866688
0.886948 0.158063
0.133249 0.702634
0.021062 0.297279
0.924884 0.140669
0.029142 0.356351
0.291327 0.799100
0.904893 0.080793
0.885891 0.181329
0.396036 0.009747
0.449131 0.461076
0.314381 0.001483
0.956617 0.499694
0.358114 0.813516
0.308122 0.709609
0.874063 0.730764
0.072403 0.082042
0.418374 0.954935
0.873054 0.682499
0.935941 0.969259
0.103461 0.184142
0.872090 0.374959
0.792656 0.556981
0.554453 0.759279
0.608917 0.859937
0.738601 0.999672
0.184263 0.193190
0.297941 0.034664
0.170503 0.259813
0.656549 0.539191
0.696308 0.658536
0.713002 0.130652
0.184816 0.983623
0.683960 0.701656
0.812558 0.043152
0.508150 0.226420
0.243028 0.023611
0.194574 0.919991
0.652034 0.226588
0.773171 0.942963
0.476974 0.082399
0.311837 0.939064
0.768495 0.505883
0.800602 0.568967
0.500515 0.301187
0.571959 0.860931
0.703399 0.245186
0.325717 0.637319
0.825079 0.683338
0.757441 0.495789
0.296255 0.957078
0.251446 0.824930
0.878292 0.748478
0.092478 0.116323
0.006264 0.475754
0.174621 0.398514
0.004609 0.202291
0.241651 0.963083
0.749157 0.132218
0.279955 0.678983
0.076837 0.657159
0.803303 0.098559
0.003139 0.091648
0.418174 0.247109
0.597473 0.688788
0.239014 0.457603
0.187839 0.263085
0.434687 0.863126
0.418750 0.764002
0.430581 0.191862
0.570182 0.441612
0.065220 0.322902
0.460304 0.824844
0.305901 0.655868
0.201082 0.593165
0.964806 0.723365
0.053368 0.564137
0.225172 0.632448
0.636861 0.442143
0.686549 0.859815
0.790400 0.677681
0.068817 0.645116
0.449305 0.771971
0.676557 0.727799
0.009043 0.628221
0.218532 0.455085
0.778266 0.098763
0.601456 0.352186
0.289337 0.706350
0.872871 0.090576
0.430704 0.628264
0.574898 0.416116
0.593075 0.423513
0.388767 0.006064
0.280086 0.656194
0.099450 0.412463
0.924225 0.522252
0.590401 0.219134
0.970052 0.822185
0.790292 0.290487
0.639303 0.138858
0.236828 0.522578
0.176233 0.877441
0.197117 0.820308
0.786628 0.903584
0.089751 0.119420
0.930159 0.876291
0.290645 0.147879
0.103345 0.013573
0.272874 0.278500
0.759128 0.951785
0.430148 0.263105
0.549135 0.563669
0.864212 0.858287
0.645980 0.085495
0.878411 0.353762
0.505507 0.670242
0.912787 0.796575
0.062643 0.531673
0.180513 0.267877
0.019593 0.173214
0.321110 0.913709
0.581389 0.805920
0.972849 0.557227
0.721335 0.951416
0.284842 0.627015
0.817693 0.398528
0.038799 0.824605
0.292988 0.136453
0.231062 0.424073
0.708598 0.622649
0.677437 0.347516
0.619831 0.760218
0.446532 0.192498
0.380497 0.257447
0.701703 0.200959
0.000994 0.621216
0.837375 0.753887
0.110242 0.896389
0.632437 0.351948
0.049323 0.404861
0.511558 0.199577
0.133480 0.160826
0.904675 0.448430
0.159165 0.342890
0.125610 0.875890
0.304119 0.189038
0.152627 0.275258
0.670995 0.947061
0.186960 0.116495
0.858844 0.060873
0.889727 0.099870
0.111793 0.602290
0.753305 0.069570
0.790576 0.068161
0.150179 0.380339
0.140064 0.054368
0.220423 0.217402
0.584785 0.991040
0.908388 0.558439
0.074419 0.077443
0.139838 0.436084
0.322567 0.790365
0.342698 0.910394
0.134623 0.856393
0.257722 0.692981
0.404378 0.376351
0.259826 0.677959
0.774000 0.869269
0.216471 0.729590
0.398354 0.363592
0.246418 0.952491
0.732135 0.304949
0.610334 0.327486
0.767102 0.972646
0.364116 0.034671
0.686732 0.301171
0.336524 0.004981
0.476875 0.488305
0.454552 0.242524
0.633585 0.538093
0.433200 0.242174
0.743041 0.934728
0.370673 0.390401
0.373529 0.972537
0.845730 0.582028
0.415755 0.877592
0.700799 0.411581
0.735291 0.748080
0.812651 0.205153
0.759723 0.513409
0.801832 0.847134
0.413160 0.566139
0.812723 0.825928
0.631989 0.456169
0.208006 0.173723
0.548360 0.053215
0.264481 0.007635
0.311627 0.881472
0.731596 0.192987
0.433043 0.909445
0.419703 0.244257
0.485267 0.938291
0.821990 0.955160
0.965816 0.873620
0.142183 0.406589
0.142341 0.588537
0.999528 0.939596
0.737690 0.789833
0.513240 0.400332
0.383968 0.284571
0.430513 0.464840
0.877375 0.310900
0.455338 0.133810
0.399379 0.144827
0.959808 0.550908
0.034814 0.023718
0.815250 0.142979
0.113795 0.537701
0.167414 0.706441
0.131874 0.031721
0.598160 0.471383
0.261651 0.233852
0.265443 0.363373
0.759089 0.279575
0.294110 0.652703
0.889085 0.537087
0.901895 0.931776
0.347366 0.155290
0.488201 0.893565
0.539593 0.053983
0.187632 0.697550
0.493568 0.154877
0.195948 0.804267
0.626757 0.012382
0.512971 0.035591
0.068861 0.644743
0.615207 0.275064
0.747951 0.288951
0.970290 0.661115
0.988755 0.006936
0.236071 0.345684
0.942931 0.555928
0.449065 0.891783
0.773728 0.702441
0.500137 0.165728
0.151221 0.207235
0.719727 0.143279
0.279339 0.037649
0.450566 0.393601
0.372191 0.974105
0.072768 0.131015
0.224754 0.669169
0.064328 0.631642
0.281746 0.390371
0.329482 0.500602
0.398572 0.132151
0.208044 0.745102
0.309515 0.517592
0.290754 0.859745
0.670860 0.927242
0.408828 0.162627
0.430469 0.590154
0.940315 0.434231
0.190320 0.951378
0.881545 0.505908
0.174852 0.490518
0.968845 0.820652
0.395468 0.307520
0.503876 0.146147
0.610345 0.214755
0.435356 0.558526
0.718756 0.778531
0.680606 0.534995
0.300364 0.738538
0.632241 0.494474
0.112527 0.500324
0.288543 0.407626
0.492402 0.943743
0.470408 0.161104
0.775716 0.619447
0.143470 0.205601
0.040316 0.515805
0.950900 0.643256
0.710201 0.970264
0.680531 0.317166
0.814468 0.972010
0.539406 0.654284
0.985711 0.056880
0.789469 0.982660
0.603629 0.230847
0.510075 0.794994
0.842202 0.874973
0.996119 0.962672
0.762545 0.382606
0.575034 0.217941
0.008594 0.358685
0.431549 0.316620
0.109082 0.571357
0.366014 0.169694
0.866790 0.487738
0.280279 0.889386
0.824845 0.148478
0.584501 0.133765
0.339881 0.339909
0.648958 0.353688
0.363181 0.507884
0.886805 0.546832
0.633423 0.624050
0.046934 0.905825
0.618481 0.263114
0.820465 0.310925
0.208734 0.478786
0.920090 0.962466
0.860671 0.676431
0.378385 0.574226
0.617064 0.572053
0.929385 0.456128
0.188814 0.500096
0.987121 0.503143
0.073596 0.786645
0.915483 0.577004
0.507717 0.639963
0.995705 0.018307
0.900145 0.026901
0.740886 0.058803
0.281457 0.301561
0.981441 0.717166
0.215483 0.931717
0.450976 0.356248
0.567730 0.528816
0.439046 0.455802
0.502189 0.529018
0.445375 0.311890
0.086930 0.295562
0.669574 0.312659
0.928931 0.116852
0.601020 0.159906
0.329860 0.560014
0.935500 0.906819
0.557086 0.906271
0.538369 0.964519
0.957983 0.942339
0.198398 0.293488
0.810604 0.211140
0.472144 0.840713
0.000133 0.935496
0.005596 0.909345
0.838026 0.220044
0.338006 0.554885
0.599562 0.809497
0.342230 0.290418
0.645553 0.635441
0.136583 0.353104
0.315259 0.619242
0.515094 0.535138
0.130086 0.715219
0.686249 0.114620
0.231437 0.976090
0.384695 0.735220
0.391131 0.501819
0.226057 0.178292
0.379082 0.493315
0.511925 0.847043
0.950479 0.274066
0.560245 0.439579
0.223492 0.065611
0.035745 0.726173
0.758571 0.506884
0.685706 0.565758
0.221694 0.392797
0.348296 0.297693
0.116452 0.874034
0.093840 0.427027
0.703660 0.407883
0.883840 0.084986
0.892214 0.079038
0.188186 0.091137
0.581208 0.519642
0.587942 0.569638
0.660848 0.549453
0.509249 0.979232
0.638523 0.829866
0.883285 0.105115
0.646394 0.279630
0.707916 0.030521
0.408176 0.735432
0.198546 0.356862
0.595315 0.357143
0.458883 0.973471
0.886564 0.575365
0.376718 0.491492
0.959980 0.958015
0.755484 0.051159
0.592675 0.233034
0.529301 0.587716
0.021180 0.845923
0.277336 0.798435
0.724076 0.853641
0.152758 0.991662
0.828575 0.660518
0.772210 0.718571
0.414044 0.087171
0.573643 0.589258
0.087976 0.530032
0.643521 0.957039
0.343730 0.516936
0.038813 0.218317
0.374374 0.793312
0.184862 0.320066
0.213278 0.183897
0.017127 0.692992
0.299622 0.866456
0.152967 0.235649
0.825794 0.366896
0.529035 0.163249
0.513670 0.539191
0.620532 0.504659
0.788076 0.028972
0.570470 0.782022
0.668264 0.236157
0.300274 0.939704
0.082012 0.589907
0.947441 0.902700
0.722021 0.028257
0.781665 0.239407
0.010549 0.935155
0.087743 0.279605
0.215770 0.429213
0.371718 0.695748
0.272141 0.821333
0.646181 0.994119
0.397081 0.262510
0.481249 0.582139
0.167582 0.088392
0.969721 0.079112
0.322882 0.133858
0.748019 0.319871
0.193136 0.338664
0.738971 0.064330
0.319070 0.294347
0.338153 0.770605
0.523854 0.992914
0.352395 0.915400
0.426022 0.929440
0.117258 0.252553
0.141005 0.883565
0.869677 0.089105
0.708916 0.158967
0.632630 0.128015
0.607511 0.795248
0.580629 0.677586
0.561760 0.283272
0.097962 0.059914
0.745303 0.612837
0.516055 0.864136
0.384047 0.060675
0.821971 0.285001
0.718498 0.987122
0.466983 0.163225
0.258930 0.051395
0.772328 0.501373
0.276300 0.678278
0.328652 0.167427
0.511836 0.313103
0.216318 0.217973
0.159547 0.987285
0.835688 0.773900
0.278410 0.983249
0.629620 0.663713
0.924790 0.935457
0.004854 0.113075
0.460710 0.533332
0.314630 0.603889
0.689823 0.102234
0.851781 0.652213
0.700551 0.730250
0.419713 0.661546
0.554568 0.281392
0.198104 0.196476
0.248907 0.589917
0.300811 0.991427
0.701219 0.365838
0.635388 0.760189
0.860272 0.858267
0.416795 0.404195
0.427553 0.121127
0.962263 0.530921
0.090896 0.804828
0.199984 0.288560
0.617315 0.757879
0.661172 0.399076
0.629798 0.364014
0.593224 0.928974
0.401578 0.463230
0.231133 0.775608
0.541451 0.909284
0.194936 0.066551
0.014993 0.301495
0.442932 0.670561
0.549069 0.195341
0.203547 0.800875
0.100827 0.144181
0.833138 0.255055
0.737378 0.253506
0.602703 0.180336
0.968701 0.539523
0.003364 0.379390
0.303793 0.275440
0.278669 0.078666
0.558931 0.681680
0.541160 0.769925
0.236902 0.770367
0.011326 0.205325
0.117381 0.889763
0.628969 0.877386
0.051161 0.530945
0.530178 0.347390
0.834726 0.256850
0.657526 0.599252
0.956710 0.192953
0.076753 0.190610
0.954050 0.379132
0.410126 0.348888
0.093217 0.423947
0.164833 0.317275
0.100658 0.325357
0.634160 0.194073
0.706650 0.026030
0.479899 0.228569
0.838038 0.256733
0.066318 0.037582
0.397888 0.487916
0.109201 0.489044
0.703850 0.357427
0.227885 0.062473
0.822083 0.771416
0.543869 0.340889
0.229879 0.985834
0.556511 0.914747
0.467663 0.367525
0.144455 0.385638
0.699825 0.206772
0.690884 0.346025
0.393898 0.907257
0.011329 0.180984
0.648866 0.114741
0.974695 0.288905
0.055932 0.862379
0.451323 0.850341
0.358881 0.608427
0.496316 0.587651
0.596176 0.121215
0.482037 0.052828
0.853251 0.526589
0.230580 0.856877
0.230985 0.474657
0.065202 0.911314
0.145131 0.305489
0.099089 0.190873
0.611514 0.297558
0.010529 0.746190
0.743115 0.568033
0.015442 0.696242
0.287661 0.960653
0.741417 0.712530
0.668187 0.304759
0.231789 0.070484
0.654007 0.758159
0.363964 0.688274
0.485878 0.556847
0.553133 0.699209
0.006655 0.386228
0.730648 0.011123
0.107513 0.761297
0.235764 0.994615
0.589880 0.257393
0.440122 0.911768
0.364483 0.168431
0.636246 0.947893
0.761484 0.186167
0.964501 0.741138
0.609424 0.991881
0.927366 0.118219
0.655784 0.230957
0.345560 0.339300
0.848222 0.201217
0.447433 0.530989
0.973108 0.727441
0.151248 0.143687
0.156747 0.117368
0.499352 0.207947
0.774742 0.798577
0.633923 0.884295
0.386222 0.220994
0.665877 0.301867
0.412202 0.876377
0.281712 0.963514
0.411136 0.833969
0.957433 0.058446
0.969756 0.020635
0.204412 0.868246
0.423595 0.584127
0.358932 0.078060
0.849096 0.069732
0.045317 0.211966
0.028045 0.813424
0.591985 0.600048
0.375067 0.908698
0.360410 0.254385
0.140234 0.339686
0.158904 0.782167
0.551359 0.389677
0.656287 0.996367
0.944356 0.232083
0.984919 0.197882
0.345070 0.689950
0.528260 0.197762
0.412266 0.510489
0.225000 0.024156
0.129044 0.142682
0.590006 0.915802
0.138664 0.928899
0.051702 0.642374
0.160890 0.825534
0.136204 0.411730
0.496174 0.253036
0.490428 0.625079
0.227593 0.442313
0.729535 0.523304
0.364213 0.692324
0.618532 0.331167
0.834613 0.282801
0.153475 0.850840
0.935556 0.396366
0.694651 0.582189
0.568392 0.295931
0.422278 0.354451
0.354501 0.176106
0.034681 0.142441
0.511167 0.561460
0.789547 0.210136
0.190556 0.859805
0.700805 0.975465
0.836989 0.695299
0.946816 0.022368
0.001526 0.944005
0.319978 0.499644
0.967871 0.973645
0.853537 0.740859
0.489942 0.449633
0.598266 0.315540
0.918958 0.211094
0.889884 0.879130
0.006700 0.143399
0.347464 0.127621
0.711628 0.677870
0.273773 0.882561
0.405848 0.534648
0.090376 0.833045
0.983432 0.591329
0.933516 0.743579
0.504411 0.307813
0.561190 0.000157
0.173781 0.966912
0.277506 0.211620
0.651162 0.100641
0.667325 0.209346
0.914281 0.863675
0.552340 0.195547
0.158248 0.788337
0.729182 0.978925
0.502625 0.309583
0.730790 0.206161
0.599579 0.683779
0.064190 0.248695
0.588953 0.441695
0.121027 0.936474
0.229878 0.313970
0.231556 0.643835
0.453575 0.646418
0.138505 0.327389
0.028309 0.682884
0.504129 0.991788
0.504973 0.734979
0.931905 0.716449
0.120581 0.180849
0.383786 0.814796
0.876988 0.439264
0.804553 0.917321
0.583437 0.550636
0.226733 0.770727
0.254088 0.763194
0.622719 0.327643
0.885439 0.570403
0.295143 0.264880
0.303641 0.974780
0.652193 0.412931
0.467942 0.363660
0.801530 0.705386
0.344078 0.274027
0.514556 0.164157
0.220184 0.496398
0.762268 0.124895
0.127871 0.421835
0.204545 0.376697
0.852373 0.271543
0.726653 0.141186
0.868222 0.865049
0.359920 0.848271
0.420702 0.880901
0.697926 0.479361
0.888367 0.142827
0.225242 0.843554
0.508180 0.324735
0.812655 0.528279
0.522415 0.609472
0.000965 0.423103
0.815192 0.259142
0.594891 0.653894
0.146612 0.758889
0.519247 0.484257
0.163700 0.181376
0.851489 0.242133
0.469946 0.685820
0.437890 0.611673
0.168980 0.613285
0.525013 0.693998
0.462996 0.469018
0.393815 0.085146
0.082805 0.193010
0.070634 0.845524
0.553933 0.511508
0.807476 0.642373
0.561992 0.835104
0.173415 0.535261
0.970574 0.123103
0.279620 0.844319
0.366197 0.369226
0.872393 0.291937
0.357408 0.880319
0.771799 0.140840
0.238885 0.317569
0.407872 0.364955
0.046480 0.548855
0.012039 0.984213
0.475368 0.721183
0.358327 0.570375
0.611064 0.603792
0.817080 0.588243
0.931826 0.175332
0.883323 0.675051
0.581006 0.632655
0.272581 0.180588
0.479210 0.484063
0.138862 0.291565
0.448660 0.156520
0.962704 0.845970
0.155937 0.594126
0.181558 0.506627
0.344326 0.654295
0.690486 0.307920
0.523285 0.718412
0.928047 0.715581
0.010074 0.825348
0.380393 0.246721
0.977390 0.809063
0.986048 0.385695
0.950888 0.375636
0.104475 0.001197
0.021751 0.790401
0.423462 0.720868
0.892018 0.862481
0.423526 0.752012
0.754160 0.211848
0.791938 0.450428
0.921451 0.383166
0.484649 0.534128
0.071942 0.230983
0.971292 0.214671
0.946410 0.142493
0.566632 0.676083
0.349436 0.086889
0.651198 0.269791
0.342786 0.184465
0.014557 0.513747
0.591604 0.473961
0.516553 0.484873
0.926403 0.823250
0.755023 0.476206
0.317685 0.476317
0.452921 0.853584
0.625032 0.558580
0.833413 0.891435
0.678794 0.972967
0.338469 0.993240
0.480060 0.510738
0.664594 0.109414
0.563376 0.673917
0.238787 0.353887
0.856704 0.660302
0.938467 0.790342
0.694423 0.197336
0.071017 0.110069
0.991701 0.427786
0.371771 0.455618
0.972355 0.847961
0.053679 0.957916
0.257361 0.378349
0.747539 0.649216
0.567470 0.006894
0.508617 0.290244
0.770896 0.086713
0.933627 0.307146
0.515881 0.292941
0.831456 0.472278
0.227932 0.447462
0.821705 0.182635
0.822836 0.905653
0.696986 0.190699
0.089113 0.965867
0.378138 0.424681
0.327320 0.810224
0.815880 0.098637
0.498692 0.814397
0.248137 0.657656
0.831871 0.674407
0.809142 0.229286
0.564031 0.690076
0.604612 0.159600
0.251485 0.717597
0.016704 0.900788
0.874901 0.757832
0.183108 0.986859
0.785543 0.882240
0.306568 0.085049
0.391501 0.215007
0.694261 0.142735
0.366645 0.987729
0.200909 0.463133
0.080095 0.262174
0.055142 0.137799
0.890274 0.776934
0.885534 0.639905
0.925169 0.515426
0.130937 0.539520
0.979183 0.015533
0.919110 0.240565
0.197033 0.145280
0.928329 0.358871
0.286423 0.054289
0.708570 0.861734
0.103749 0.277370
0.432022 0.371564
0.590909 0.514440
0.067099 0.099757
0.206307 0.440073
0.525791 0.721576
0.189433 0.006347
0.421100 0.128867
0.225957 0.094221
0.689474 0.404616
0.339035 0.041571
0.482565 0.551864
0.122594 0.530074
0.413309 0.479192
0.753630 0.548519
0.453230 0.495990
0.573104 0.666686
0.521028 0.102939
0.408803 0.651826
0.076953 0.176618
0.228583 0.538839
0.843101 0.741854
0.158679 0.625627
0.106690 0.401449
0.379335 0.506689
0.931556 0.150100
0.918768 0.180871
0.002494 0.737843
0.906543 0.473294
0.757759 0.968041
0.418698 0.496841
0.926939 0.315962
0.649536 0.645161
0.584582 0.036152
0.778739 0.657030
0.354376 0.490367
0.567551 0.620988
0.454344 0.772468
0.414025 0.399530
0.860420 0.832735
0.324889 0.843743
0.983952 0.211231
0.020377 0.342094
0.908085 0.178345
0.178385 0.701243
0.408632 0.550380
0.645643 0.092021
0.696971 0.698992
0.296087 0.810392
0.065664 0.305557
0.100446 0.901026
0.391896 0.224988
0.886059 0.270218
0.759524 0.418263
0.212263 0.775251
0.297401 0.288901
0.764203 0.918894
0.699847 0.915845
0.676725 0.200571
0.794516 0.613694
0.240024 0.879868
0.953602 0.970949
0.510060 0.893346
0.106208 0.017912
0.449220 0.932283
0.602905 0.458111
0.356571 0.236787
0.207895 0.960589
0.512026 0.490825
0.049854 0.355134
0.155068 0.313085
0.449466 0.198504
0.146209 0.230168
0.159813 0.586902
0.918146 0.691461
0.705179 0.278476
0.613613 0.639168
0.184540 0.159304
0.628230 0.382287
0.117864 0.837328
0.129173 0.039960
0.656566 0.680912
0.504287 0.617450
0.753833 0.932186
0.111301 0.857115
0.696231 0.620062
0.143103 0.367094
0.734897 0.873771
0.902540 0.172017
0.422791 0.895022
0.289047 0.752917
0.663908 0.285337
0.839404 0.847610
0.410990 0.644863
0.236220 0.768163
0.410219 0.359912
0.800312 0.758681
0.384512 0.278735
0.116886 0.964478
0.571475 0.538499
0.610506 0.912821
0.587717 0.151157
0.580112 0.015769
0.178149 0.081892
0.932879 0.497234
0.527067 0.461022
0.614510 0.319252
0.457207 0.258765
0.523603 0.136544
0.023647 0.221937
0.518982 0.043805
0.721336 0.122690
0.981477 0.896752
0.768190 0.401575
0.275386 0.285823
0.700119 0.100733
0.369892 0.820513
0.820008 0.577693
0.827032 0.242697
0.879577 0.866302
0.340315 0.028869
0.741243 0.708461
0.016891 0.564101
0.666473 0.218883
0.636219 0.674616
0.307831 0.864773
