0.931556 0.150100
0.918768 0.180871
0.002494 0.737843
0.906543 0.473294
0.757759 0.968041
0.418698 0.496841
0.926939 0.315962
0.649536 0.645161
0.584582 0.036152
0.778739 0.657030
0.354376 0.490367
0.567551 0.620988
0.454344 0.772468
0.414025 0.399530
0.860420 0.832735
0.324889 0.843743
0.983952 0.211231
0.020377 0.342094
0.908085 0.178345
0.178385 0.701243
0.408632 0.550380
0.645643 0.092021
0.696971 0.698992
0.296087 0.810392
0.065664 0.305557
0.100446 0.901026
0.391896 0.224988
0.886059 0.270218
0.759524 0.418263
0.212263 0.775251
0.297401 0.288901
0.764203 0.918894
0.699847 0.915845
0.676725 0.200571
0.794516 0.613694
0.240024 0.879868
0.953602 0.970949
0.510060 0.893346
0.106208 0.017912
0.449220 0.932283
0.602905 0.458111
0.356571 0.236787
0.207895 0.960589
0.512026 0.490825
0.049854 0.355134
0.155068 0.313085
0.449466 0.198504
0.146209 0.230168
0.159813 0.586902
0.918146 0.691461
0.705179 0.278476
0.613613 0.639168
0.184540 0.159304
0.628230 0.382287
0.117864 0.837328
0.129173 0.039960
0.656566 0.680912
0.504287 0.617450
0.753833 0.932186
0.111301 0.857115
0.696231 0.620062
0.143103 0.367094
0.734897 0.873771
0.902540 0.172017
0.422791 0.895022
0.289047 0.752917
0.663908 0.285337
0.839404 0.847610
0.410990 0.644863
0.236220 0.768163
0.410219 0.359912
0.800312 0.758681
0.384512 0.278735
0.116886 0.964478
0.571475 0.538499
0.610506 0.912821
0.587717 0.151157
0.580112 0.015769
0.178149 0.081892
0.932879 0.497234
0.527067 0.461022
0.614510 0.319252
0.457207 0.258765
0.523603 0.136544
0.023647 0.221937
0.518982 0.043805
0.721336 0.122690
0.981477 0.896752
0.768190 0.401575
0.275386 0.285823
0.700119 0.100733
0.369892 0.820513
0.820008 0.577693
0.827032 0.242697
0.879577 0.866302
0.340315 0.028869
0.741243 0.708461
0.016891 0.564101
0.666473 0.218883
0.636219 0.674616
